2798
2798
2798
2798
2798
2798
2813
2813
2813
2813
2813
2807
2807
2807
2807
2807
2803
2803
2803
2803
2803
2803
2814
2814
2814
2814
2814
2791
2791
2791
2791
2791
2808
2808
2808
2808
2808
2808
2801
2801
2801
2801
2801
2786
2786
2786
2786
2786
2809
2809
2809
2809
2809
2809
2805
2805
2805
2805
2805
2779
2779
2779
2779
2779
2812
2812
2812
2812
2812
2812
2807
2807
2807
2807
2807
2801
2801
2801
2801
2801
2807
2807
2807
2807
2807
2807
2801
2801
2801
2801
2801
2809
2809
2809
2809
2809
2806
2806
2806
2806
2806
2806
2785
2785
2785
2785
2785
2812
2812
2812
2812
2812
2810
2810
2810
2810
2810
2810
2780
2780
2780
2780
2780
2810
2810
2810
2810
2810
2807
2807
2807
2807
2807
2807
2797
2797
2797
2797
2797
2805
2805
2805
2805
2805
2811
2811
2811
2811
2811
2811
2808
2808
2808
2808
2808
2809
2809
2809
2809
2809
2786
2786
2786
2786
2786
2786
2810
2810
2810
2810
2810
2812
2812
2812
2812
2812
2782
2782
2782
2782
2782
2782
2808
2808
2808
2808
2808
2811
2811
2811
2811
2811
2786
2786
2786
2786
2786
2786
2805
2805
2805
2805
2805
2805
2805
2805
2805
2805
2804
2804
2804
2804
2804
2804
2811
2811
2811
2811
2811
2798
2798
2798
2798
2798
2809
2809
2809
2809
2809
2809
2809
2809
2809
2809
2809
2788
2788
2788
2788
2788
2809
2809
2809
2809
2809
2809
2810
2810
2810
2810
2810
2782
2782
2782
2782
2782
2807
2807
2807
2807
2807
2807
2803
2803
2803
2803
2803
2803
2803
2803
2803
2803
2807
2807
2807
2807
2807
2807
2805
2805
2805
2805
2805
2798
2798
2798
2798
2798
2809
2809
2809
2809
2809
2809
2786
2786
2786
2786
2786
2802
2802
2802
2802
2802
2809
2809
2809
2809
2809
2809
2785
2785
2785
2785
2785
2805
2805
2805
2805
2805
2800
2800
2800
2800
2800
2800
2778
2778
2778
2778
2778
2804
2804
2804
2804
2804
2800
2800
2800
2800
2800
2800
2792
2792
2792
2792
2792
2809
2809
2809
2809
2809
2792
2792
2792
2792
2792
2792
2803
2803
2803
2803
2803
2805
2805
2805
2805
2805
2786
2786
2786
2786
2786
2786
2808
2808
2808
2808
2808
2805
2805
2805
2805
2805
2780
2780
2780
2780
2780
2780
2806
2806
2806
2806
2806
2800
2800
2800
2800
2800
2790
2790
2790
2790
2790
2790
2810
2810
2810
2810
2810
2806
2806
2806
2806
2806
2805
2805
2805
2805
2805
2805
2805
2805
2805
2805
2805
2788
2788
2788
2788
2788
2810
2810
2810
2810
2810
2810
2806
2806
2806
2806
2806
2777
2777
2777
2777
2777
2809
2809
2809
2809
2809
2809
2808
2808
2808
2808
2808
2782
2782
2782
2782
2782
2805
2805
2805
2805
2805
2805
2807
2807
2807
2807
2807
2803
2803
2803
2803
2803
2806
2806
2806
2806
2806
2806
2787
2787
2787
2787
2787
2809
2809
2809
2809
2809
2807
2807
2807
2807
2807
2807
2782
2782
2782
2782
2782
2806
2806
2806
2806
2806
2809
2809
2809
2809
2809
2809
2778
2778
2778
2778
2778
2804
2804
2804
2804
2804
2807
2807
2807
2807
2807
2807
2798
2798
2798
2798
2798
2808
2808
2808
2808
2808
2801
2801
2801
2801
2801
2801
2805
2805
2805
2805
2805
2808
2808
2808
2808
2808
2786
2786
2786
2786
2786
2786
2805
2805
2805
2805
2805
2809
2809
2809
2809
2809
2783
2783
2783
2783
2783
2783
2803
2803
2803
2803
2803
2807
2807
2807
2807
2807
2787
2787
2787
2787
2787
2787
2806
2806
2806
2806
2806
2801
2801
2801
2801
2801
2798
2798
2798
2798
2798
2798
2807
2807
2807
2807
2807
2787
2787
2787
2787
2787
2804
2804
2804
2804
2804
2804
2810
2810
2810
2810
2810
2781
2781
2781
2781
2781
2805
2805
2805
2805
2805
2805
2804
2804
2804
2804
2804
2782
2782
2782
2782
2782
2808
2808
2808
2808
2808
2808
2803
2803
2803
2803
2803
2794
2794
2794
2794
2794
2807
2807
2807
2807
2807
2807
2795
2795
2795
2795
2795
2801
2801
2801
2801
2801
2806
2806
2806
2806
2806
2806
2785
2785
2785
2785
2785
2807
2807
2807
2807
2807
2800
2800
2800
2800
2800
2800
2782
2782
2782
2782
2782
2803
2803
2803
2803
2803
2806
2806
2806
2806
2806
2806
2789
2789
2789
2789
2789
2805
2805
2805
2805
2805
2804
2804
2804
2804
2804
2804
2796
2796
2796
2796
2796
2802
2802
2802
2802
2802
2793
2793
2793
2793
2793
2793
2806
2806
2806
2806
2806
2805
2805
2805
2805
2805
2778
2778
2778
2778
2778
2778
2810
2810
2810
2810
2810
2806
2806
2806
2806
2806
2776
2776
2776
2776
2776
2776
2806
2806
2806
2806
2806
2807
2807
2807
2807
2807
2796
2796
2796
2796
2796
2796
2804
2804
2804
2804
2804
2804
2804
2804
2804
2804
2803
2803
2803
2803
2803
2803
2804
2804
2804
2804
2804
2782
2782
2782
2782
2782
2805
2805
2805
2805
2805
2805
2805
2805
2805
2805
2805
2781
2781
2781
2781
2781
2803
2803
2803
2803
2803
2803
2809
2809
2809
2809
2809
2786
2786
2786
2786
2786
2803
2803
2803
2803
2803
2803
2802
2802
2802
2802
2802
2801
2801
2801
2801
2801
2806
2806
2806
2806
2806
2806
2782
2782
2782
2782
2782
2809
2809
2809
2809
2809
2808
2808
2808
2808
2808
2808
2783
2783
2783
2783
2783
2803
2803
2803
2803
2803
2804
2804
2804
2804
2804
2804
2781
2781
2781
2781
2781
2807
2807
2807
2807
2807
2802
2802
2802
2802
2802
2802
2799
2799
2799
2799
2799
2806
2806
2806
2806
2806
2802
2802
2802
2802
2802
2802
2799
2799
2799
2799
2799
2809
2809
2809
2809
2809
2786
2786
2786
2786
2786
2786
2806
2806
2806
2806
2806
2802
2802
2802
2802
2802
2783
2783
2783
2783
2783
2783
2805
2805
2805
2805
2805
2800
2800
2800
2800
2800
2780
2780
2780
2780
2780
2780
2807
2807
2807
2807
2807
2802
2802
2802
2802
2802
2793
2793
2793
2793
2793
2793
2804
2804
2804
2804
2804
2795
2795
2795
2795
2795
2798
2798
2798
2798
2798
2798
2800
2800
2800
2800
2800
2783
2783
2783
2783
2783
2803
2803
2803
2803
2803
2803
2800
2800
2800
2800
2800
2780
2780
2780
2780
2780
2803
2803
2803
2803
2803
2803
2802
2802
2802
2802
2802
2786
2786
2786
2786
2786
2807
2807
2807
2807
2807
2807
2804
2804
2804
2804
2804
2794
2794
2794
2794
2794
2801
2801
2801
2801
2801
2801
2787
2787
2787
2787
2787
2804
2804
2804
2804
2804
2799
2799
2799
2799
2799
2799
2779
2779
2779
2779
2779
2805
2805
2805
2805
2805
2804
2804
2804
2804
2804
2804
2775
2775
2775
2775
2775
2807
2807
2807
2807
2807
2804
2804
2804
2804
2804
2804
2796
2796
2796
2796
2796
2800
2800
2800
2800
2800
2799
2799
2799
2799
2799
2799
2802
2802
2802
2802
2802
2802
2802
2802
2802
2802
2778
2778
2778
2778
2778
2778
2807
2807
2807
2807
2807
2804
2804
2804
2804
2804
2775
2775
2775
2775
2775
2775
2804
2804
2804
2804
2804
2805
2805
2805
2805
2805
2793
2793
2793
2793
2793
2793
2799
2799
2799
2799
2799
2802
2802
2802
2802
2802
2801
2801
2801
2801
2801
2801
2804
2804
2804
2804
2804
2780
2780
2780
2780
2780
2806
2806
2806
2806
2806
2806
2804
2804
2804
2804
2804
2779
2779
2779
2779
2779
2800
2800
2800
2800
2800
2800
2803
2803
2803
2803
2803
2784
2784
2784
2784
2784
2803
2803
2803
2803
2803
2803
2797
2797
2797
2797
2797
2797
2797
2797
2797
2797
2804
2804
2804
2804
2804
2804
2784
2784
2784
2784
2784
2798
2798
2798
2798
2798
2804
2804
2804
2804
2804
2804
2778
2778
2778
2778
2778
2801
2801
2801
2801
2801
2800
2800
2800
2800
2800
2800
2775
2775
2775
2775
2775
2801
2801
2801
2801
2801
2797
2797
2797
2797
2797
2797
2790
2790
2790
2790
2790
2804
2804
2804
2804
2804
2800
2800
2800
2800
2800
2800
2794
2794
2794
2794
2794
2800
2800
2800
2800
2800
2779
2779
2779
2779
2779
2779
2799
2799
2799
2799
2799
2795
2795
2795
2795
2795
2776
2776
2776
2776
2776
2776
2798
2798
2798
2798
2798
2797
2797
2797
2797
2797
2779
2779
2779
2779
2779
2779
2800
2800
2800
2800
2800
2799
2799
2799
2799
2799
2792
2792
2792
2792
2792
2792
2796
2796
2796
2796
2796
2782
2782
2782
2782
2782
2800
2800
2800
2800
2800
2800
2793
2793
2793
2793
2793
2770
2770
2770
2770
2770
2796
2796
2796
2796
2796
2796
2795
2795
2795
2795
2795
2764
2764
2764
2764
2764
2789
2789
2789
2789
2789
2789
2796
2796
2796
2796
2796
2788
2788
2788
2788
2788
2790
2790
2790
2790
2790
2790
2778
2778
2778
2778
2778
2803
2803
2803
2803
2803
2793
2793
2793
2793
2793
2793
2758
2758
2758
2758
2758
2791
2791
2791
2791
2791
2788
2788
2788
2788
2788
2788
2757
2757
2757
2757
2757
2781
2781
2781
2781
2781
2784
2784
2784
2784
2784
2784
2773
2773
2773
2773
2773
2776
2776
2776
2776
2776
2767
2767
2767
2767
2767
2767
2782
2782
2782
2782
2782
2778
2778
2778
2778
2778
2752
2752
2752
2752
2752
2752
2775
2775
2775
2775
2775
2771
2771
2771
2771
2771
2740
2740
2740
2740
2740
2740
2766
2766
2766
2766
2766
2760
2760
2760
2760
2760
2746
2746
2746
2746
2746
2746
2756
2756
2756
2756
2756
2747
2747
2747
2747
2747
2738
2738
2738
2738
2738
2738
2740
2740
2740
2740
2740
2708
2708
2708
2708
2708
2714
2714
2714
2714
2714
2714
2710
2710
2710
2710
2710
2670
2670
2670
2670
2670
2696
2696
2696
2696
2696
2696
2709
2709
2709
2709
2709
2707
2707
2707
2707
2707
2755
2755
2755
2755
2755
2755
2768
2768
2768
2768
2768
2765
2765
2765
2765
2765
2777
2777
2777
2777
2777
2777
2771
2771
2771
2771
2771
2768
2768
2768
2768
2768
2774
2774
2774
2774
2774
2774
2751
2751
2751
2751
2751
2766
2766
2766
2766
2766
2759
2759
2759
2759
2759
2759
2746
2746
2746
2746
2746
2772
2772
2772
2772
2772
2766
2766
2766
2766
2766
2766
2745
2745
2745
2745
2745
2764
2764
2764
2764
2764
2792
2792
2792
2792
2792
2792
2854
2854
2854
2854
2854
2967
2967
2967
2967
2967
3072
3072
3072
3072
3072
3072
3184
3184
3184
3184
3184
3223
3223
3223
3223
3223
3187
3187
3187
3187
3187
3187
3148
3148
3148
3148
3148
3051
3051
3051
3051
3051
2904
2904
2904
2904
2904
2904
2843
2843
2843
2843
2843
2734
2734
2734
2734
2734
2631
2631
2631
2631
2631
2631
2575
2575
2575
2575
2575
2553
2553
2553
2553
2553
2564
2564
2564
2564
2564
2564
2610
2610
2610
2610
2610
2646
2646
2646
2646
2646
2724
2724
2724
2724
2724
2724
2753
2753
2753
2753
2753
2732
2732
2732
2732
2732
2758
2758
2758
2758
2758
2758
2754
2754
2754
2754
2754
2740
2740
2740
2740
2740
2753
2753
2753
2753
2753
2753
2744
2744
2744
2744
2744
2736
2736
2736
2736
2736
2741
2741
2741
2741
2741
2741
2742
2742
2742
2742
2742
2831
2831
2831
2831
2831
2923
2923
2923
2923
2923
2923
3018
3018
3018
3018
3018
3168
3168
3168
3168
3168
3291
3291
3291
3291
3291
3291
3358
3358
3358
3358
3358
3435
3435
3435
3435
3435
3459
3459
3459
3459
3459
3459
3412
3412
3412
3412
3412
3287
3287
3287
3287
3287
3015
3015
3015
3015
3015
3015
2637
2637
2637
2637
2637
2156
2156
2156
2156
2156
1727
1727
1727
1727
1727
1727
1575
1575
1575
1575
1575
1563
1563
1563
1563
1563
1704
1704
1704
1704
1704
1704
2230
2230
2230
2230
2230
2944
2944
2944
2944
2944
3544
3544
3544
3544
3544
3544
3859
3859
3859
3859
3859
3775
3775
3775
3775
3775
3414
3414
3414
3414
3414
3414
2932
2932
2932
2932
2932
2455
2455
2455
2455
2455
2160
2160
2160
2160
2160
2160
2024
2024
2024
2024
2024
2048
2048
2048
2048
2048
2336
2336
2336
2336
2336
2336
2779
2779
2779
2779
2779
3325
3325
3325
3325
3325
3805
3805
3805
3805
3805
3805
4014
4014
4014
4014
4014
3915
3915
3915
3915
3915
3589
3589
3589
3589
3589
3589
3129
3129
3129
3129
3129
2760
2760
2760
2760
2760
2500
2500
2500
2500
2500
2500
2348
2348
2348
2348
2348
2337
2337
2337
2337
2337
2375
2375
2375
2375
2375
2375
2481
2481
2481
2481
2481
2739
2739
2739
2739
2739
3026
3026
3026
3026
3026
3026
3284
3284
3284
3284
3284
3439
3439
3439
3439
3439
3421
3421
3421
3421
3421
3421
3252
3252
3252
3252
3252
3035
3035
3035
3035
3035
2810
2810
2810
2810
2810
2810
2681
2681
2681
2681
2681
2571
2571
2571
2571
2571
2480
2480
2480
2480
2480
2480
2480
2480
2480
2480
2480
2496
2496
2496
2496
2496
2553
2553
2553
2553
2553
2553
2670
2670
2670
2670
2670
2789
2789
2789
2789
2789
2879
2879
2879
2879
2879
2879
2919
2919
2919
2919
2919
2875
2875
2875
2875
2875
2849
2849
2849
2849
2849
2849
2794
2794
2794
2794
2794
2732
2732
2732
2732
2732
2737
2737
2737
2737
2737
2737
2715
2715
2715
2715
2715
2666
2666
2666
2666
2666
2691
2691
2691
2691
2691
2691
2730
2730
2730
2730
2730
2802
2802
2802
2802
2802
2905
2905
2905
2905
2905
2905
2979
2979
2979
2979
2979
3071
3071
3071
3071
3071
3124
3124
3124
3124
3124
3124
3114
3114
3114
3114
3114
3104
3104
3104
3104
3104
3045
3045
3045
3045
3045
3045
2933
2933
2933
2933
2933
2887
2887
2887
2887
2887
2848
2848
2848
2848
2848
2848
2856
2856
2856
2856
2856
2915
2915
2915
2915
2915
2960
2960
2960
2960
2960
2960
3073
3073
3073
3073
3073
3169
3169
3169
3169
3169
3218
3218
3218
3218
3218
3218
3279
3279
3279
3279
3279
3283
3283
3283
3283
3283
3199
3199
3199
3199
3199
3199
3134
3134
3134
3134
3134
3021
3021
3021
3021
3021
2897
2897
2897
2897
2897
2897
2813
2813
2813
2813
2813
2716
2716
2716
2716
2716
2638
2638
2638
2638
2638
2638
2569
2569
2569
2569
2569
2488
2488
2488
2488
2488
2469
2469
2469
2469
2469
2469
2494
2494
2494
2494
2494
2545
2545
2545
2545
2545
2670
2670
2670
2670
2670
2670
2756
2756
2756
2756
2756
2774
2774
2774
2774
2774
2758
2758
2758
2758
2758
2758
2695
2695
2695
2695
2695
2625
2625
2625
2625
2625
2590
2590
2590
2590
2590
2590
2551
2551
2551
2551
2551
2554
2554
2554
2554
2554
2521
2521
2521
2521
2521
2521
2487
2487
2487
2487
2487
2556
2556
2556
2556
2556
2648
2648
2648
2648
2648
2648
2759
2759
2759
2759
2759
2894
2894
2894
2894
2894
2958
2958
2958
2958
2958
2958
2940
2940
2940
2940
2940
2879
2879
2879
2879
2879
2786
2786
2786
2786
2786
2786
2737
2737
2737
2737
2737
2686
2686
2686
2686
2686
2633
2633
2633
2633
2633
2633
2657
2657
2657
2657
2657
2688
2688
2688
2688
2688
2742
2742
2742
2742
2742
2742
2872
2872
2872
2872
2872
2994
2994
2994
2994
2994
3080
3080
3080
3080
3080
3080
3114
3114
3114
3114
3114
3059
3059
3059
3059
3059
2998
2998
2998
2998
2998
2998
2885
2885
2885
2885
2885
2744
2744
2744
2744
2744
2660
2660
2660
2660
2660
2660
2565
2565
2565
2565
2565
2492
2492
2492
2492
2492
2493
2493
2493
2493
2493
2493
2537
2537
2537
2537
2537
2627
2627
2627
2627
2627
2772
2772
2772
2772
2772
2772
2888
2888
2888
2888
2888
3013
3013
3013
3013
3013
3038
3038
3038
3038
3038
3038
2972
2972
2972
2972
2972
2917
2917
2917
2917
2917
2848
2848
2848
2848
2848
2848
2746
2746
2746
2746
2746
2696
2696
2696
2696
2696
2620
2620
2620
2620
2620
2620
2554
2554
2554
2554
2554
2528
2528
2528
2528
2528
2522
2522
2522
2522
2522
2522
2564
2564
2564
2564
2564
2626
2626
2626
2626
2626
2687
2687
2687
2687
2687
2687
2791
2791
2791
2791
2791
2887
2887
2887
2887
2887
2952
2952
2952
2952
2952
2952
3037
3037
3037
3037
3037
3046
3046
3046
3046
3046
3000
3000
3000
3000
3000
3000
2939
2939
2939
2939
2939
2849
2849
2849
2849
2849
2768
2768
2768
2768
2768
2768
2716
2716
2716
2716
2716
2642
2642
2642
2642
2642
2656
2656
2656
2656
2656
2656
2697
2697
2697
2697
2697
2764
2764
2764
2764
2764
2892
2892
2892
2892
2892
2892
2970
2970
2970
2970
2970
2984
2984
2984
2984
2984
2999
2999
2999
2999
2999
2999
2968
2968
2968
2968
2968
2929
2929
2929
2929
2929
2900
2900
2900
2900
2900
2900
2817
2817
2817
2817
2817
2762
2762
2762
2762
2762
2687
2687
2687
2687
2687
2687
2592
2592
2592
2592
2592
2551
2551
2551
2551
2551
2519
2519
2519
2519
2519
2519
2505
2505
2505
2505
2505
2606
2606
2606
2606
2606
2713
2713
2713
2713
2713
2713
2843
2843
2843
2843
2843
2978
2978
2978
2978
2978
3039
3039
3039
3039
3039
3039
3056
3056
3056
3056
3056
2978
2978
2978
2978
2978
2827
2827
2827
2827
2827
2827
2715
2715
2715
2715
2715
2588
2588
2588
2588
2588
2476
2476
2476
2476
2476
2476
2493
2493
2493
2493
2493
2557
2557
2557
2557
2557
2660
2660
2660
2660
2660
2660
2810
2810
2810
2810
2810
2931
2931
2931
2931
2931
3030
3030
3030
3030
3030
3030
3051
3051
3051
3051
3051
2975
2975
2975
2975
2975
2908
2908
2908
2908
2908
2908
2790
2790
2790
2790
2790
2659
2659
2659
2659
2659
2610
2610
2610
2610
2610
2610
2583
2583
2583
2583
2583
2595
2595
2595
2595
2595
2677
2677
2677
2677
2677
2677
2758
2758
2758
2758
2758
2846
2846
2846
2846
2846
2918
2918
2918
2918
2918
2918
2935
2935
2935
2935
2935
2959
2959
2959
2959
2959
2933
2933
2933
2933
2933
2933
2841
2841
2841
2841
2841
2780
2780
2780
2780
2780
2679
2679
2679
2679
2679
2679
2560
2560
2560
2560
2560
2509
2509
2509
2509
2509
2478
2478
2478
2478
2478
2478
2494
2494
2494
2494
2494
2562
2562
2562
2562
2562
2589
2589
2589
2589
2589
2589
2591
2591
2591
2591
2591
2571
2571
2571
2571
2571
2549
2549
2549
2549
2549
2549
2635
2635
2635
2635
2635
2755
2755
2755
2755
2755
2883
2883
2883
2883
2883
2883
3051
3051
3051
3051
3051
3107
3107
3107
3107
3107
3082
3082
3082
3082
3082
3082
3052
3052
3052
3052
3052
2995
2995
2995
2995
2995
2930
2930
2930
2930
2930
2930
2858
2858
2858
2858
2858
2755
2755
2755
2755
2755
2706
2706
2706
2706
2706
2706
2689
2689
2689
2689
2689
2725
2725
2725
2725
2725
2872
2872
2872
2872
2872
2872
2981
2981
2981
2981
2981
3022
3022
3022
3022
3022
3022
3022
3022
3022
3022
3022
2936
2936
2936
2936
2936
2818
2818
2818
2818
2818
2721
2721
2721
2721
2721
2721
2667
2667
2667
2667
2667
2713
2713
2713
2713
2713
2803
2803
2803
2803
2803
2803
2914
2914
2914
2914
2914
3086
3086
3086
3086
3086
3226
3226
3226
3226
3226
3226
3283
3283
3283
3283
3283
3319
3319
3319
3319
3319
3227
3227
3227
3227
3227
3227
3032
3032
3032
3032
3032
2807
2807
2807
2807
2807
2587
2587
2587
2587
2587
2587
2416
2416
2416
2416
2416
2329
2329
2329
2329
2329
2303
2303
2303
2303
2303
2303
2439
2439
2439
2439
2439
2632
2632
2632
2632
2632
2844
2844
2844
2844
2844
2844
3092
3092
3092
3092
3092
3250
3250
3250
3250
3250
3288
3288
3288
3288
3288
3288
3252
3252
3252
3252
3252
3102
3102
3102
3102
3102
2908
2908
2908
2908
2908
2908
2712
2712
2712
2712
2712
2531
2531
2531
2531
2531
2467
2467
2467
2467
2467
2467
2461
2461
2461
2461
2461
2506
2506
2506
2506
2506
2644
2644
2644
2644
2644
2644
2777
2777
2777
2777
2777
2841
2841
2841
2841
2841
2912
2912
2912
2912
2912
2912
2905
2905
2905
2905
2905
2897
2897
2897
2897
2897
2918
2918
2918
2918
2918
2918
2937
2937
2937
2937
2937
2940
2940
2940
2940
2940
2896
2896
2896
2896
2896
2896
2788
2788
2788
2788
2788
2723
2723
2723
2723
2723
2662
2662
2662
2662
2662
2662
2604
2604
2604
2604
2604
2615
2615
2615
2615
2615
2612
2612
2612
2612
2612
2612
2626
2626
2626
2626
2626
2698
2698
2698
2698
2698
2792
2792
2792
2792
2792
2792
2903
2903
2903
2903
2903
2999
2999
2999
2999
2999
2987
2987
2987
2987
2987
2987
2934
2934
2934
2934
2934
2787
2787
2787
2787
2787
2622
2622
2622
2622
2622
2622
2549
2549
2549
2549
2549
2529
2529
2529
2529
2529
2581
2581
2581
2581
2581
2581
2699
2699
2699
2699
2699
2794
2794
2794
2794
2794
2871
2871
2871
2871
2871
2871
2939
2939
2939
2939
2939
2970
2970
2970
2970
2970
3023
3023
3023
3023
3023
3023
3025
3025
3025
3025
3025
2952
2952
2952
2952
2952
2879
2879
2879
2879
2879
2879
2758
2758
2758
2758
2758
2644
2644
2644
2644
2644
2625
2625
2625
2625
2625
2625
2628
2628
2628
2628
2628
2659
2659
2659
2659
2659
2710
2710
2710
2710
2710
2710
2731
2731
2731
2731
2731
2790
2790
2790
2790
2790
2851
2851
2851
2851
2851
2851
2916
2916
2916
2916
2916
3041
3041
3041
3041
3041
3087
3087
3087
3087
3087
3087
3059
3059
3059
3059
3059
3003
3003
3003
3003
3003
2905
2905
2905
2905
2905
2905
2815
2815
2815
2815
2815
2763
2763
2763
2763
2763
2709
2709
2709
2709
2709
2709
2698
2698
2698
2698
2698
2657
2657
2657
2657
2657
2591
2591
2591
2591
2591
2591
2611
2611
2611
2611
2611
2644
2644
2644
2644
2644
2692
2692
2692
2692
2692
2692
2812
2812
2812
2812
2812
2888
2888
2888
2888
2888
2909
2909
2909
2909
2909
2909
2911
2911
2911
2911
2911
2890
2890
2890
2890
2890
2902
2902
2902
2902
2902
2902
2898
2898
2898
2898
2898
2866
2866
2866
2866
2866
2881
2881
2881
2881
2881
2881
2895
2895
2895
2895
2895
2897
2897
2897
2897
2897
2960
2960
2960
2960
2960
2960
2987
2987
2987
2987
2987
2971
2971
2971
2971
2971
2928
2928
2928
2928
2928
2928
2832
2832
2832
2832
2832
2760
2760
2760
2760
2760
2686
2686
2686
2686
2686
2686
2624
2624
2624
2624
2624
2638
2638
2638
2638
2638
2662
2662
2662
2662
2662
2662
2654
2654
2654
2654
2654
2718
2718
2718
2718
2718
2779
2779
2779
2779
2779
2779
2859
2859
2859
2859
2859
2959
2959
2959
2959
2959
3012
3012
3012
3012
3012
3012
3012
3012
3012
3012
3012
2979
2979
2979
2979
2979
2900
2900
2900
2900
2900
2900
2862
2862
2862
2862
2862
2829
2829
2829
2829
2829
2777
2777
2777
2777
2777
2777
2789
2789
2789
2789
2789
2791
2791
2791
2791
2791
2794
2794
2794
2794
2794
2794
2840
2840
2840
2840
2840
2855
2855
2855
2855
2855
2862
2862
2862
2862
2862
2862
2874
2874
2874
2874
2874
2838
2838
2838
2838
2838
2828
2828
2828
2828
2828
2828
2787
2787
2787
2787
2787
2730
2730
2730
2730
2730
2743
2743
2743
2743
2743
2743
2738
2738
2738
2738
2738
2718
2718
2718
2718
2718
2751
2751
2751
2751
2751
2751
2758
2758
2758
2758
2758
2759
2759
2759
2759
2759
2798
2798
2798
2798
2798
2798
2814
2814
2814
2814
2814
2812
2812
2812
2812
2812
2809
2809
2809
2809
2809
2809
2786
2786
2786
2786
2786
2808
2808
2808
2808
2808
2803
2803
2803
2803
2803
2803
2770
2770
2770
2770
2770
2768
2768
2768
2768
2768
2726
2726
2726
2726
2726
2726
2672
2672
2672
2672
2672
2699
2699
2699
2699
2699
2741
2741
2741
2741
2741
2741
2816
2816
2816
2816
2816
2914
2914
2914
2914
2914
2976
2976
2976
2976
2976
2976
3031
3031
3031
3031
3031
3019
3019
3019
3019
3019
2939
2939
2939
2939
2939
2939
2890
2890
2890
2890
2890
2797
2797
2797
2797
2797
2693
2693
2693
2693
2693
2693
2651
2651
2651
2651
2651
2618
2618
2618
2618
2618
2611
2611
2611
2611
2611
2611
2668
2668
2668
2668
2668
2728
2728
2728
2728
2728
2804
2804
2804
2804
2804
2804
2867
2867
2867
2867
2867
2885
2885
2885
2885
2885
2942
2942
2942
2942
2942
2942
2974
2974
2974
2974
2974
2973
2973
2973
2973
2973
3003
3003
3003
3003
3003
3003
2994
2994
2994
2994
2994
2937
2937
2937
2937
2937
2916
2916
2916
2916
2916
2916
2869
2869
2869
2869
2869
2836
2836
2836
2836
2836
2807
2807
2807
2807
2807
2807
2764
2764
2764
2764
2764
2751
2751
2751
2751
2751
2746
2746
2746
2746
2746
2746
2725
2725
2725
2725
2725
2759
2759
2759
2759
2759
2760
2760
2760
2760
2760
2760
2740
2740
2740
2740
2740
2740
2740
2740
2740
2740
2715
2715
2715
2715
2715
2715
2700
2700
2700
2700
2700
2745
2745
2745
2745
2745
2810
2810
2810
2810
2810
2810
2881
2881
2881
2881
2881
2958
2958
2958
2958
2958
2981
2981
2981
2981
2981
2981
2996
2996
2996
2996
2996
2961
2961
2961
2961
2961
2875
2875
2875
2875
2875
2875
2832
2832
2832
2832
2832
2768
2768
2768
2768
2768
2700
2700
2700
2700
2700
2700
2735
2735
2735
2735
2735
2764
2764
2764
2764
2764
2812
2812
2812
2812
2812
2812
2854
2854
2854
2854
2854
2861
2861
2861
2861
2861
2849
2849
2849
2849
2849
2849
2798
2798
2798
2798
2798
2708
2708
2708
2708
2708
2673
2673
2673
2673
2673
2673
2634
2634
2634
2634
2634
2606
2606
2606
2606
2606
2682
2682
2682
2682
2682
2682
2770
2770
2770
2770
2770
2863
2863
2863
2863
2863
2945
2945
2945
2945
2945
2945
2963
2963
2963
2963
2963
2954
2954
2954
2954
2954
2877
2877
2877
2877
2877
2877
2760
2760
2760
2760
2760
2703
2703
2703
2703
2703
2632
2632
2632
2632
2632
2632
2583
2583
2583
2583
2583
2635
2635
2635
2635
2635
2713
2713
2713
2713
2713
2713
2793
2793
2793
2793
2793
2888
2888
2888
2888
2888
2968
2968
2968
2968
2968
2968
3017
3017
3017
3017
3017
3039
3039
3039
3039
3039
2999
2999
2999
2999
2999
2999
2971
2971
2971
2971
2971
2894
2894
2894
2894
2894
2779
2779
2779
2779
2779
2779
2723
2723
2723
2723
2723
2679
2679
2679
2679
2679
2637
2637
2637
2637
2637
2637
2658
2658
2658
2658
2658
2686
2686
2686
2686
2686
2746
2746
2746
2746
2746
2746
2819
2819
2819
2819
2819
2863
2863
2863
2863
2863
2912
2912
2912
2912
2912
2912
2925
2925
2925
2925
2925
2866
2866
2866
2866
2866
2825
2825
2825
2825
2825
2825
2758
2758
2758
2758
2758
2686
2686
2686
2686
2686
2694
2694
2694
2694
2694
2694
2712
2712
2712
2712
2712
2736
2736
2736
2736
2736
2795
2795
2795
2795
2795
2795
2828
2828
2828
2828
2828
2838
2838
2838
2838
2838
2850
2850
2850
2850
2850
2850
2818
2818
2818
2818
2818
2802
2802
2802
2802
2802
2752
2752
2752
2752
2752
2752
2685
2685
2685
2685
2685
2676
2676
2676
2676
2676
2658
2658
2658
2658
2658
2658
2647
2647
2647
2647
2647
2688
2688
2688
2688
2688
2703
2703
2703
2703
2703
2703
2734
2734
2734
2734
2734
2766
2766
2766
2766
2766
2760
2760
2760
2760
2760
2760
2780
2780
2780
2780
2780
2762
2762
2762
2762
2762
2710
2710
2710
2710
2710
2710
2706
2706
2706
2706
2706
2672
2672
2672
2672
2672
2621
2621
2621
2621
2621
2621
2652
2652
2652
2652
2652
2674
2674
2674
2674
2674
2705
2705
2705
2705
2705
2705
2751
2751
2751
2751
2751
2766
2766
2766
2766
2766
2795
2795
2795
2795
2795
2795
2800
2800
2800
2800
2800
2774
2774
2774
2774
2774
2808
2808
2808
2808
2808
2808
2804
2804
2804
2804
2804
2785
2785
2785
2785
2785
2837
2837
2837
2837
2837
2837
2865
2865
2865
2865
2865
2882
2882
2882
2882
2882
2933
2933
2933
2933
2933
2933
2961
2961
2961
2961
2961
2964
2964
2964
2964
2964
2948
2948
2948
2948
2948
2948
2869
2869
2869
2869
2869
2821
2821
2821
2821
2821
2740
2740
2740
2740
2740
2740
2645
2645
2645
2645
2645
2621
2621
2621
2621
2621
2597
2597
2597
2597
2597
2597
2572
2572
2572
2572
2572
2608
2608
2608
2608
2608
2639
2639
2639
2639
2639
2639
2687
2687
2687
2687
2687
2752
2752
2752
2752
2752
2803
2803
2803
2803
2803
2803
2910
2910
2910
2910
2910
2992
2992
2992
2992
2992
3028
3028
3028
3028
3028
3028
3082
3082
3082
3082
3082
3086
3086
3086
3086
3086
3037
3037
3037
3037
3037
3037
2979
2979
2979
2979
2979
2892
2892
2892
2892
2892
2832
2832
2832
2832
2832
2832
2815
2815
2815
2815
2815
2832
2832
2832
2832
2832
2924
2924
2924
2924
2924
2924
3006
3006
3006
3006
3006
3032
3032
3032
3032
3032
3054
3054
3054
3054
3054
3054
2992
2992
2992
2992
2992
2864
2864
2864
2864
2864
2758
2758
2758
2758
2758
2758
2631
2631
2631
2631
2631
2530
2530
2530
2530
2530
2502
2502
2502
2502
2502
2502
2512
2512
2512
2512
2512
2574
2574
2574
2574
2574
2668
2668
2668
2668
2668
2668
2735
2735
2735
2735
2735
2814
2814
2814
2814
2814
2830
2830
2830
2830
2830
2830
2783
2783
2783
2783
2783
2753
2753
2753
2753
2753
2704
2704
2704
2704
2704
2704
2651
2651
2651
2651
2651
2645
2645
2645
2645
2645
2644
2644
2644
2644
2644
2644