808
808
816
816
816
816
816
816
840
840
840
840
840
870
870
870
870
870
886
886
886
886
886
886
922
922
922
922
922
941
941
941
941
941
1016
1016
1016
1016
1016
1016
1065
1065
1065
1065
1065
1075
1075
1075
1075
1075
1073
1073
1073
1073
1073
1073
1033
1033
1033
1033
1033
993
993
993
993
993
904
904
904
904
904
904
842
842
842
842
842
777
777
777
777
777
735
735
735
735
735
735
706
706
706
706
706
694
694
694
694
694
703
703
703
703
703
703
679
679
679
679
679
657
657
657
657
657
635
635
635
635
635
635
615
615
615
615
615
606
606
606
606
606
585
585
585
585
585
585
582
582
582
582
582
573
573
573
573
573
582
582
582
582
582
582
609
609
609
609
609
659
659
659
659
659
754
754
754
754
754
754
932
932
932
932
932
1256
1256
1256
1256
1256
1658
1658
1658
1658
1658
1658
2052
2052
2052
2052
2052
2352
2352
2352
2352
2352
2589
2589
2589
2589
2589
2589
2723
2723
2723
2723
2723
2664
2664
2664
2664
2664
2478
2478
2478
2478
2478
2478
2171
2171
2171
2171
2171
1773
1773
1773
1773
1773
1326
1326
1326
1326
1326
1326
926
926
926
926
926
722
722
722
722
722
625
625
625
625
625
625
593
593
593
593
593
578
578
578
578
578
587
587
587
587
587
587
617
617
617
617
617
659
659
659
659
659
769
769
769
769
769
769
934
934
934
934
934
1106
1106
1106
1106
1106
1242
1242
1242
1242
1242
1242
1318
1318
1318
1318
1318
1339
1339
1339
1339
1339
1279
1279
1279
1279
1279
1279
1209
1209
1209
1209
1209
1118
1118
1118
1118
1118
1063
1063
1063
1063
1063
1063
1011
1011
1011
1011
1011
960
960
960
960
960
954
954
954
954
954
954
970
970
970
970
970
1014
1014
1014
1014
1014
1074
1074
1074
1074
1074
1074
1148
1148
1148
1148
1148
1232
1232
1232
1232
1232
1316
1316
1316
1316
1316
1316
1367
1367
1367
1367
1367
1379
1379
1379
1379
1379
1372
1372
1372
1372
1372
1372
1317
1317
1317
1317
1317
1264
1264
1264
1264
1264
1202
1202
1202
1202
1202
1202
1133
1133
1133
1133
1133
1084
1084
1084
1084
1084
1015
1015
1015
1015
1015
1015
950
950
950
950
950
906
906
906
906
906
865
865
865
865
865
865
816
816
816
816
816
802
802
802
802
802
822
822
822
822
822
822
842
842
842
842
842
887
887
887
887
887
971
971
971
971
971
971
1040
1040
1040
1040
1040
1108
1108
1108
1108
1108
1120
1120
1120
1120
1120
1120
1090
1090
1090
1090
1090
1038
1038
1038
1038
1038
975
975
975
975
975
975
913
913
913
913
913
895
895
895
895
895
874
874
874
874
874
874
885
885
885
885
916
916
916
916
916
935
935
935
935
935
935
963
963
963
963
963
934
934
934
934
934
902
902
902
902
902
902
856
856
856
856
856
825
825
825
825
825
796
796
796
796
796
796
809
809
809
809
809
837
837
837
837
837
883
883
883
883
883
883
946
946
946
946
946
1013
1013
1013
1013
1013
1065
1065
1065
1065
1065
1065
1084
1084
1084
1084
1084
1075
1075
1075
1075
1075
1051
1051
1051
1051
1051
1051
1016
1016
1016
1016
1016
974
974
974
974
974
957
957
957
957
957
957
920
920
920
920
920
921
921
921
921
921
906
906
906
906
906
906
901
901
901
901
901
884
884
884
884
884
887
887
887
887
887
887
871
871
871
871
871
851
851
851
851
851
825
825
825
825
825
825
811
811
811
811
811
816
816
816
816
816
815
815
815
815
815
815
841
841
841
841
841
856
856
856
856
856
887
887
887
887
887
887
901
901
901
901
901
914
914
914
914
914
921
921
921
921
921
921
944
944
944
944
944
938
938
938
938
938
913
913
913
913
913
913
895
895
895
895
895
873
873
873
873
873
856
856
856
856
856
856
839
839
839
839
839
831
831
831
831
831
821
821
821
821
821
821
816
816
816
816
816
810
810
810
810
810
802
802
802
802
802
802
791
791
791
791
791
786
786
786
786
786
783
783
783
783
783
783
781
781
781
781
781
771
771
771
771
771
774
774
774
774
774
774
767
767
767
767
767
769
769
769
769
769
785
785
785
785
785
785
793
793
793
793
793
826
826
826
826
826
854
854
854
854
854
854
853
853
853
853
853
881
881
881
881
881
892
892
892
892
892
892
916
916
916
916
916
930
930
930
930
930
942
942
942
942
942
942
939
939
939
939
939
940
940
940
940
940
957
957
957
957
957
957
948
948
948
948
948
921
921
921
921
921
911
911
911
911
911
911
889
889
889
889
889
866
866
866
866
866
839
839
839
839
839
839
831
831
831
831
831
821
821
821
821
821
817
817
817
817
817
817
828
828
828
828
828
832
832
832
832
832
861
861
861
861
861
861
885
885
885
885
885
913
913
913
913
913
926
926
926
926
926
926
947
947
947
947
947
944
944
944
944
944
954
954
954
954
954
954
945
945
945
945
945
928
928
928
928
928
906
906
906
906
906
906
883
883
883
883
883
875
875
875
875
875
868
868
868
868
868
868
860
860
860
860
860
856
856
856
856
856
861
861
861
861
861
861
874
874
874
874
874
869
869
869
869
869
894
894
894
894
894
894
877
877
877
877
877
872
872
872
872
872
849
849
849
849
849
849
849
849
849
849
849
834
834
834
834
834
829
829
829
829
829
829
844
844
844
844
844
872
872
872
872
872
913
913
913
913
913
913
936
936
936
936
936
971
971
971
971
971
1009
1009
1009
1009
1009
1009
1014
1014
1014
1014
1014
987
987
987
987
987
966
966
966
966
966
966
918
918
918
918
918
879
879
879
879
879
877
877
877
877
877
877
872
872
872
872
872
865
865
865
865
865
887
887
887
887
887
887
929
929
929
929
929
959
959
959
959
959
997
997
997
997
997
997
1009
1009
1009
1009
1009
1007
1007
1007
1007
1007
970
970
970
970
970
970
944
944
944
944
944
919
919
919
919
919
891
891
891
891
891
891
892
892
892
892
892
903
903
903
903
903
904
904
904
904
904
904
903
903
903
903
903
955
955
955
955
955
969
969
969
969
969
969
994
994
994
994
994
985
985
985
985
985
984
984
984
984
984
984
961
961
961
961
961
938
938
938
938
938
905
905
905
905
905
905
873
873
873
873
873
877
877
877
877
877
877
877
877
877
877
877
874
874
874
874
874
883
883
883
883
883
907
907
907
907
907
907
932
932
932
932
932
961
961
961
961
961
947
947
947
947
947
947
969
969
969
969
969
938
938
938
938
938
921
921
921
921
921
921
938
938
938
938
938
899
899
899
899
899
909
909
909
909
909
909
897
897
897
897
897
895
895
895
895
895
900
900
900
900
900
900
919
919
919
919
919
928
928
928
928
928
902
902
902
902
902
902
922
922
922
922
922
895
895
895
895
895
902
902
902
902
902
902
883
883
883
883
883
912
912
912
912
912
919
919
919
919
919
919
947
947
947
947
947
1004
1004
1004
1004
1004
981
981
981
981
981
981
1023
1023
1023
1023
1023
1043
1043
1043
1043
1043
1063
1063
1063
1063
1063
1063
1051
1051
1051
1051
1051
1089
1089
1089
1089
1089
1080
1080
1080
1080
1080
1080
1057
1057
1057
1057
1057
1037
1037
1037
1037
1037
1020
1020
1020
1020
1020
1020
946
946
946
946
946
941
941
941
941
941
921
921
921
921
921
921
890
890
890
890
890
865
865
865
865
865
854
854
854
854
854
854
885
885
885
885
885
907
907
907
907
907
911
911
911
911
911
911
932
932
932
932
932
926
926
926
926
926
955
955
955
955
955
955
967
967
967
967
967
964
964
964
964
964
947
947
947
947
947
947
981
981
981
981
981
965
965
965
965
965
970
970
970
970
970
970
1000
1000
1000
1000
1000
957
957
957
957
957
987
987
987
987
987
987
961
961
961
961
961
924
924
924
924
924
917
917
917
917
917
917
908
908
908
908
908
852
852
852
852
852
872
872
872
872
872
872
876
876
876
876
876
824
824
824
824
824
888
888
888
888
888
888
864
864
864
864
864
875
875
875
875
875
964
964
964
964
964
964
939
939
939
939
939
978
978
978
978
978
967
967
967
967
967
967
912
912
912
912
912
963
963
963
963
963
919
919
919
919
919
919
891
891
891
891
891
914
914
914
914
914
837
837
837
837
837
837
868
868
868
868
868
866
866
866
866
866
838
838
838
838
838
838
875
875
875
875
875
791
791
791
791
791
797
797
797
797
797
797
831
831
831
831
831
794
794
794
794
794
794
794
794
794
794
794
792
792
792
792
792
801
801
801
801
801
804
804
804
804
804
804
848
848
848
848
848
884
884
884
884
884
889
889
889
889
889
889
929
929
929
929
929
953
953
953
953
953
946
946
946
946
946
946
1013
1013
1013
1013
1013
978
978
978
978
978
943
943
943
943
943
943
971
971
971
971
971
916
916
916
916
916
875
875
875
875
875
875
862
862
862
862
862
855
855
855
855
855
872
872
872
872
872
872
831
831
831
831
831
890
890
890
890
890
830
830
830
830
830
830
870
870
870
870
870
885
885
885
885
885
835
835
835
835
835
835
905
905
905
905
905
880
880
880
880
880
859
859
859
859
859
859
903
903
903
903
903
862
862
862
862
862
924
924
924
924
924
924
889
889
889
889
889
900
900
900
900
900
981
981
981
981
981
981
989
989
989
989
989
1083
1083
1083
1083
1083
1064
1064
1064
1064
1064
1064
1099
1099
1099
1099
1099
1087
1087
1087
1087
1087
1027
1027
1027
1027
1027
1027
980
980
980
980
980
929
929
929
929
929
843
843
843
843
843
843
830
830
830
830
830
784
784
784
784
784
776
776
776
776
776
776
791
791
791
791
791
799
799
799
799
799
911
911
911
911
911
911
951
951
951
951
951
1005
1005
1005
1005
1005
1080
1080
1080
1080
1080
1080
1061
1061
1061
1061
1061
1106
1106
1106
1106
1106
1024
1024
1024
1024
1024
1024
953
953
953
953
953
929
929
929
929
929
849
849
849
849
849
849
817
817
817
817
817
814
814
814
814
814
814
814
814
814
814
814
819
819
819
819
819
840
840
840
840
840
891
891
891
891
891
891
906
906
906
906
906
941
941
941
941
941
982
982
982
982
982
982
954
954
954
954
954
948
948
948
948
948
880
880
880
880
880
880
829
829
829
829
829
830
830
830
830
830
825
825
825
825
825
825
840
840
840
840
840
877
877
877
877
877
936
936
936
936
936
936
988
988
988
988
988
1051
1051
1051
1051
1051
1093
1093
1093
1093
1093
1093
1069
1069
1069
1069
1069
1071
1071
1071
1071
1071
1097
1097
1097
1097
1097
1097
1048
1048
1048
1048
1048
1034
1034
1034
1034
1034
947
947
947
947
947
947
943
943
943
943
943
929
929
929
929
929
885
885
885
885
885
885
947
947
947
947
947
944
944
944
944
944
943
943
943
943
943
943
960
960
960
960
960
949
949
949
949
949
965
965
965
965
965
965
968
968
968
968
968
989
989
989
989
989
960
960
960
960
960
960
992
992
992
992
992
949
949
949
949
949
943
943
943
943
943
943
972
972
972
972
972
939
939
939
939
939
923
923
923
923
923
923
964
964
964
964
964
939
939
939
939
939
876
876
876
876
876
876
893
893
893
893
893
867
867
867
867
867
867
867
867
867
867
867
892
892
892
892
892
881
881
881
881
881
856
856
856
856
856
856
874
874
874
874
874
866
866
866
866
866
939
939
939
939
939
939
956
956
956
956
956
914
914
914
914
914
941
941
941
941
941
941
911
911
911
911
911
871
871
871
871
871
898
898
898
898
898
898
847
847
847
847
847
876
876
876
876
876
856
856
856
856
856
856
829
829
829
829
829
876
876
876
876
876
833
833
833
833
833
833
878
878
878
878
878
910
910
910
910
910
899
899
899
899
899
899
939
939
939
939
939
903
903
903
903
903
918
918
918
918
918
918
959
959
959
959
959
921
921
921
921
921
948
948
948
948
948
948
927
927
927
927
927
960
960
960
960
960
982
982
982
982
982
982
936
936
936
936
936
977
977
977
977
977
964
964
964
964
964
964
980
980
980
980
980
1008
1008
1008
1008
1008
946
946
946
946
946
946
1010
1010
1010
1010
1010
979
979
979
979
979
1006
1006
1006
1006
1006
1006
1017
1017
1017
1017
1017
978
978
978
978
978
1016
1016
1016
1016
1016
1016
961
961
961
961
961
958
958
958
958
958
957
957
957
957
957
957
930
930
930
930
930
1033
1033
1033
1033
1033
1008
1008
1008
1008
1008
1008
1020
1020
1020
1020
1020
1048
1048
1048
1048
1048
1050
1050
1050
1050
1050
1050
1083
1083
1083
1083
1083
1023
1023
1023
1023
1023
1022
1022
1022
1022
1022
1022
1014
1014
1014
1014
1014
923
923
923
923
923
928
928
928
928
928
928
945
945
945
945
945
859
859
859
859
859
908
908
908
908
908
908
907
907
907
907
907
865
865
865
865
865
953
953
953
953
953
953
922
922
922
922
922
949
949
949
949
949
992
992
992
992
992
992
955
955
955
955
955
950
950
950
950
950
967
967
967
967
967
967
893
893
893
893
893
904
904
904
904
904
874
874
874
874
874
874
830
830
830
830
830
865
865
865
865
865
849
849
849
849
849
849
857
857
857
857
857
860
860
860
860
860
867
867
867
867
867
867
877
877
877
877
877
878
878
878
878
878
879
879
879
879
879
879
855
855
855
855
855
834
834
834
834
834
859
859
859
859
859
859
825
825
825
825
825
838
838
838
838
838
827
827
827
827
827
827
786
786
786
786
786
813
813
813
813
813
841
841
841
841
841
841
818
818
818
818
818
894
894
894
894
894
898
898
898
898
898
898
888
888
888
888
888
919
919
919
919
919
846
846
846
846
846
846
860
860
860
860
860
875
875
875
875
875
860
860
860
860
860
860
875
875
875
875
875
867
867
867
867
867
854
854
854
854
854
854
878
878
878
878
878
877
877
877
877
877
884
884
884
884
884
884
908
908
908
908
908
906
906
906
906
906
884
884
884
884
884
884
924
924
924
924
924
895
895
895
895
895
870
870
870
870
870
870
894
894
894
894
894
867
867
867
867
867
867
867
867
867
867
867
904
904
904
904
904
912
912
912
912
912
923
923
923
923
923
923
962
962
962
962
962
964
964
964
964
964
975
975
975
975
975
975
991
991
991
991
991
948
948
948
948
948
949
949
949
949
949
949
900
900
900
900
900
901
901
901
901
901
890
890
890
890
890
890
860
860
860
860
860
862
862
862
862
862
859
859
859
859
859
859
857
857
857
857
857
886
886
886
886
886
916
916
916
916
916
916
953
953
953
953
953
982
982
982
982
982
966
966
966
966
966
966
964
964
964
964
964
959
959
959
959
959
921
921
921
921
921
921
915
915
915
915
915
905
905
905
905
905
890
890
890
890
890
890
894
894
894
894
894
877
877
877
877
877
894
894
894
894
894
894
893
893
893
893
893
918
918
918
918
918
928
928
928
928
928
928
884
884
884
884
884
873
873
873
873
873
873
873
873
873
873
873
862
862
862
862
862
846
846
846
846
846
822
822
822
822
822
822
827
827
827
827
827
833
833
833
833
833
847
847
847
847
847
865
865
865
865
865
881
881
881
881
881
875
875
875
875
875
875
915
915
915
915
915
908
908
908
908
908
927
927
927
927
927
927
914
914
914
914
914
915
915
915
915
915
902
902
902
902
902
902
891
891
891
891
891
867
867
867
867
867
855
855
855
855
855
855
873
873
873
873
873
876
876
876
876
876
906
906
906
906
906
906
944
944
944
944
944
957
957
957
957
957
1008
1008
1008
1008
1008
1008
1033
1033
1033
1033
1033
1036
1036
1036
1036
1036
1046
1046
1046
1046
1046
1046
1037
1037
1037
1037
1037
1020
1020
1020
1020
1020
984
984
984
984
984
984
938
938
938
938
938
918
918
918
918
918
885
885
885
885
885
885
886
886
886
886
886
869
869
869
869
869
893
893
893
893
893
893
904
904
904
904
904
904
904
904
904
904
945
945
945
945
945
945
967
967
967
967
967
978
978
978
978
978
1005
1005
1005
1005
1005
1005
988
988
988
988
988
973
973
973
973
973
958
958
958
958
958
958
921
921
921
921
921
939
939
939
939
939
942
942
942
942
942
942
938
938
938
938
938
955
955
955
955
955
988
988
988
988
988
988
1006
1006
1006
1006
1006
1028
1028
1028
1028
1028
1059
1059
1059
1059
1059
1059
1049
1049
1049
1049
1049
1058
1058
1058
1058
1058
1010
1010
1010
1010
1010
1010
966
966
966
966
966
936
936
936
936
936
928
928
928
928
928
928
908
908
908
908
908
893
893
893
893
893
899
899
899
899
899
899
897
897
897
897
897
939
939
939
939
939
952
952
952
952
952
952
932
932
932
932
932
935
935
935
935
935
939
939
939
939
939
939
939
939
939
939
939
951
951
951
951
951
906
906
906
906
906
906
915
915
915
915
915
921
921
921
921
921
920
920
920
920
920
920
917
917
917
917
917
922
922
922
922
922
938
938
938
938
938
938
956
956
956
956
956
920
920
920
920
920
944
944
944
944
944
944
921
921
921
921
921
966
966
966
966
966
947
947
947
947
947
947
958
958
958
958
958
950
950
950
950
950
940
940
940
940
940
940
932
932
932
932
932
925
925
925
925
925
912
912
912
912
912
912
899
899
899
899
899
896
896
896
896
896
900
900
900
900
900
900
880
880
880
880
880
899
899
899
899
899
927
927
927
927
927
927
897
897
897
897
897
916
916
916
916
916
920
920
920
920
920
920
912
912
912
912
912
928
928
928
928
928
927
927
927
927
927
927
910
910
910
910
910
917
917
917
917
917
923
923
923
923
923
923
916
916
916
916
916
936
936
936
936
936
891
891
891
891
891
891
886
886
886
886
886
890
890
890
890
890
908
908
908
908
908
908
896
896
896
896
896
911
911
911
911
911
925
925
925
925
925
925
922
922
922
922
922
912
912
912
912
912
931
931
931
931
931
931
926
926
926
926
926
900
900
900
900
900
898
898
898
898
898
898
875
875
875
875
875
873
873
873
873
873
875
875
875
875
875
875
878
878
878
878
878
870
870
870
870
870
900
900
900
900
900
900
924
924
924
924
924
917
917
917
917
917
951
951
951
951
951
951
955
955
955
955
955
969
969
969
969
969
924
924
924
924
924
924
932
932
932
932
932
936
936
936
936
936
937
937
937
937
937
937
941
941
941
941
941
966
966
966
966
966
937
937
937
937
937
937
980
980
980
980
980
956
956
956
956
956
949
949
949
949
949
949
953
953
953
953
953
925
925
925
925
925
945
945
945
945
945
945
883
883
883
883
883
900
900
900
900
900
896
896
896
896
896
896
849
849
849
849
849
843
843
843
843
843
853
853
853
853
853
853
888
888
888
888
888
865
865
865
865
865
857
857
857
857
857
857
889
889
889
889
889
875
875
875
875
875
878
878
878
878
878
878
874
874
874
874
874
902
902
902
902
902
886
886
886
886
886
886
881
881
881
881
881
881
881
881
881
881
894
894
894
894
894
894
870
870
870
870
870
895
895
895
895
895
892
892
892
892
892
892
884
884
884
884
884
905
905
905
905
905
852
852
852
852
852
852
857
857
857
857
857
812
812
812
812
812
832
832
832
832
832
832
872
872
872
872
872
825
825
825
825
825
862
862
862
862
862
862
860
860
860
860
860
857
857
857
857
857
901
901
901
901
901
901
872
872
872
872
872
864
864
864
864
864
907
907
907
907
907
907
858
858
858
858
858
894
894
894
894
894
895
895
895
895
895
895
883
883
883
883
883
924
924
924
924
924
879
879
879
879
879
879
906
906
906
906
906
938
938
938
938
938
898
898
898
898
898
898
912
912
912
912
912
946
946
946
946
946
906
906
906
906
906
906
949
949
949
949
949
932
932
932
932
932
947
947
947
947
947
947
950
950
950
950
950
927
927
927
927
927
964
964
964
964
964
964
939
939
939
939
939
930
930
930
930
930
914
914
914
914
914
914
906
906
906
906
906
912
912
912
912
912
910
910
910
910
910
910
928
928
928
928
928
971
971
971
971
971
918
918
918
918
918
918
924
924
924
924
924
883
883
883
883
883
921
921
921
921
921
921
942
942
942
942
942
917
917
917
917
917
937
937
937
937
937
937
915
915
915
915
915
857
857
857
857
857
921
921
921
921
921
921
899
899
899
899
899
937
937
937
937
937
944
944
944
944
944
944
943
943
943
943
943
993
993
993
993
993
949
949
949
949
949
949
965
965
965
965
965
944
944
944
944
944
919
919
919
919
919
919
957
957
957
957
957
901
901
901
901
901
934
934
934
934
934
934
920
920
920
920
920
900
900
900
900
900
942
942
942
942
942
942
933
933
933
933
933
951
951
951
951
951
960
960
960
960
960
960
914
914
914
914
914
938
938
938
938
938
950
950
950
950
950
950
898
898
898
898
898
929
929
929
929
929
943
943
943
943
943
943
888
888
888
888
888
959
959
959
959
959
910
910
910
910
910
910
976
976
976
976
976
953
953
953
953
953
960
960
960
960
960
960
957
957
957
957
957
933
933
933
933
933
934
934
934
934
934
934
923
923
923
923
923
926
926
926
926
926
910
910
910
910
910
910
892
892
892
892
892
887
887
887
887
887
927
927
927
927
927
927
886
886
886
886
886
905
905
905
905
905
983
983
983
983
983
983
949
949
949
949
949
947
947
947
947
947
969
969
969
969
969
969
947
947
947
947
947
938
938
938
938
938
920
920
920
920
920
920
911
911
911
911
911
945
945
945
945
945
941
941
941
941
941
941
841
841
841
841
841
851
851
851
851
851
897
897
897
897
897
897
910
910
910
910
910
912
912
912
912
912
924
924
924
924
924
924
959
959
959
959
959
913
913
913
913
913
964
964
964
964
964
964
916
916
916
916
916
953
953
953
953
953
968
968
968
968
968
968
930
930
930
930
930
901
901
901
901
901
944
944
944
944
944
944
947
947
947
947
947
922
922
922
922
922
937
937
937
937
937
937
956
956
956
956
956
938
938
938
938
938
977
977
977
977
977
977
950
950
950
950
950
949
949
949
949
949
935
935
935
935
935
935
984
984
984
984
984
945
945
945
945
945
935
935
935
935
935
935
954
954
954
954
954
899
899
899
899
899
932
932
932
932
932
932
942
942
942
942
942
930
930
930
930
930
954
954
954
954
954
954
935
935
935
935
935
936
936
936
936
936
956
956
956
956
956
956
937
937
937
937
937
906
906
906
906
906
897
897
897
897
897
897
903
903
903
903
903
892
892
892
892
892
893
893
893
893
893
893
907
907
907
907
907
865
865
865
865
865
884
884
884
884
884
884
918
918
918
918
918
896
896
896
896
896
960
960
960
960
960
960
896
896
896
896
896
914
914
914
914
914
942
942
942
942
942
942
902
902
902
902
902
945
945
945
945
945
939
939
939
939
939
939
914
914
914
914
914
936
936
936
936
936
928
928
928
928
928
928
915
915
915
915
915
906
906
906
906
906
889
889
889
889
889
889
910
910
910
910
910
878
878
878
878
878
880
880
880
880
880
880
895
895
895
895
895
890
890
890
890
890
898
898
898
898
898
898
879
879
879
879
879
880
880
880
880
880
876
876
876
876
876
876
878
878
878
878
878
881
881
881
881
881
889
889
889
889
889
889
917
917
917
917
917
912
912
912
912
912
908
908
908
908
908
908
912
912
912
912
912
917
917
917
917
917
931
931
931
931
931
931
913
913
913
913
913
939
939
939
939
939
921
921
921
921
921